0.0038356164383561643,0.35178082191780824,0.39506849315068493,0.4465753424657534,0.5150684931506849,0.547945205479452,0.5572602739726027,0.5879452054794521,0.6093150684931506,0.6531506849315069,
0.6783561643835616,0.6493150684931507,0.656986301369863,0.6745205479452054,0.7002739726027397,0.6613698630136986,0.6915068493150685,0.718904109589041,0.726027397260274,0.7342465753424657,
0.7128767123287671,0.7052054794520548,0.726027397260274,0.7271232876712329,0.7463013698630137,0.7391780821917808,0.7041095890410959,0.7254794520547945,0.7326027397260274,0.7293150684931506,
0.7397260273972602,0.7424657534246575,0.7556164383561644,0.7309589041095891,0.7391780821917808,0.7331506849315068,0.7326027397260274,0.7589041095890411,0.7616438356164383,0.7501369863013698,
0.7238356164383561,0.7424657534246575,0.7408219178082192,0.7375342465753425,0.7221917808219178,0.7468493150684932,0.7473972602739726,0.7117808219178082,0.743013698630137,0.7419178082191781,
0.7457534246575342,0.7550684931506849,0.7397260273972602,0.7501369863013698,0.7572602739726028,0.749041095890411,0.7473972602739726,0.7391780821917808,0.7106849315068493,0.7315068493150685,
0.7545205479452055,0.7282191780821918,0.7254794520547945,0.7578082191780822,0.7512328767123287,0.7506849315068493,0.7495890410958904,0.7293150684931506,0.7408219178082192,0.7375342465753425,
0.7364383561643836,0.7479452054794521,0.7643835616438356,0.7468493150684932,0.7534246575342466,0.76,0.7331506849315068,0.7342465753424657,0.753972602739726,0.7419178082191781,0.7386301369863014,
0.749041095890411,0.7495890410958904,0.7391780821917808,0.753972602739726,0.7446575342465753,0.7468493150684932,0.7336986301369863,0.7534246575342466,0.7616438356164383,0.7479452054794521,
0.7649315068493151,0.7506849315068493,0.7473972602739726,0.7424657534246575,0.7435616438356164,0.7561643835616438,0.7583561643835617,0.7473972602739726,0.7687671232876713,0.7446575342465753

